SP-Score Modeler SPFN SPFP Compression TC
0.23935842072794572,0.27635327635327633,0.7606415792720542,0.7236467236467237,1.1245674740484428,0.09251101321585903,
0.18568784700801974,0.17102272727272727,0.8143121529919802,0.8289772727272727,0.8754325259515571,0.039647577092511016,
0.11906230721776681,0.4742014742014742,0.8809376927822332,0.5257985257985258,2.359861591695502,0.00881057268722467,
0.2961135101789019,0.2953846153846154,0.7038864898210981,0.7046153846153846,0.9757785467128027,0.10572687224669604,
0.13016656384947564,0.16230769230769232,0.8698334361505243,0.8376923076923077,1.179930795847751,0.0,
0.13448488587291796,0.12726211325160536,0.865515114127082,0.8727378867483946,0.8996539792387543,0.0,
0.20604565083281925,0.23259052924791088,0.7939543491671808,0.7674094707520891,1.1903114186851211,0.05286343612334802,
0.31647131400370143,0.33906146728354264,0.6835286859962986,0.6609385327164574,1.1349480968858132,0.07929515418502203,
0.22146822948797038,0.22011036174126303,0.7785317705120296,0.779889638258737,0.9688581314878892,0.08370044052863436,
