SP-Score Modeler SPFN SPFP Compression TC
0.7196702002355713,0.7292136321442779,0.28032979976442873,0.2707863678557221,1.0885200553250345,0.2739463601532567,
0.4361994503337259,0.4093086086209014,0.5638005496662741,0.5906913913790985,0.9073305670816044,0.0,
0.5761026043711556,0.862460815047022,0.42389739562884443,0.137539184952978,1.7109266943291839,0.21455938697318008,
0.596780526109148,0.5920540119449493,0.403219473890852,0.40794598805505067,0.9930843706777317,0.15900383141762453,
0.657243816254417,0.6965325936199722,0.34275618374558303,0.3034674063800278,1.0912863070539418,0.2260536398467433,
0.5932469572045543,0.5866442345023942,0.40675304279544566,0.4133557654976058,0.9778699861687413,0.16091954022988506,
0.5764952231383327,0.6005453306066802,0.4235047768616673,0.39945466939331975,1.1452282157676348,0.1839080459770115,
0.7318413820180605,0.7395847110170612,0.2681586179819395,0.26041528898293875,1.1189488243430152,0.27011494252873564,
0.6179819395367099,0.6143637782982045,0.3820180604632901,0.38563622170179546,0.991701244813278,0.19731800766283525,
