SP-Score Modeler SPFN SPFP Compression TC
0.6366442199775533,0.6588269454123112,0.36335578002244673,0.34117305458768876,1.1374570446735395,0.21235521235521235,
0.6200897867564534,0.6115954061159541,0.37991021324354657,0.3884045938840459,0.9415807560137457,0.23552123552123552,
0.47741301907968575,0.7788967727168689,0.5225869809203143,0.22110322728313114,1.986254295532646,0.1583011583011583,
0.5495230078563412,0.5653052388512051,0.45047699214365877,0.4346947611487949,1.0515463917525774,0.1891891891891892,
0.6358024691358025,0.6459521094640821,0.3641975308641975,0.3540478905359179,1.034364261168385,0.25096525096525096,
0.550645342312009,0.5558702733323891,0.449354657687991,0.44412972666761086,1.0,0.20463320463320464,
0.5778619528619529,0.6169862192929898,0.42213804713804715,0.3830137807070102,1.2989690721649485,0.11583011583011583,
0.627104377104377,0.6546572934973638,0.37289562289562295,0.3453427065026362,1.1030927835051547,0.21621621621621623,
0.5750561167227833,0.5949201741654572,0.42494388327721666,0.40507982583454283,1.161512027491409,0.21235521235521235,
