SP-Score Modeler SPFN SPFP Compression TC
0.45387442083399904,0.4935371785962474,0.5461255791660009,0.5064628214037525,1.2315270935960592,0.08494208494208494,
0.3513660329126059,0.3357557251908397,0.6486339670873942,0.6642442748091604,0.8899835796387521,0.06177606177606178,
0.19645310752516376,0.7306869503208937,0.8035468924748362,0.2693130496791063,3.541871921182266,0.007722007722007722,
0.35047132129733183,0.3488771550353076,0.6495286787026682,0.6511228449646924,1.0164203612479474,0.04054054054054054,
0.4730468125898706,0.49338443592734543,0.5269531874101294,0.5066155640726546,1.0295566502463054,0.059845559845559844,
0.3606646429142035,0.35537294165800826,0.6393353570857965,0.6446270583419917,0.9490968801313628,0.003861003861003861,
0.3918197795174948,0.39984347996217434,0.6081802204825052,0.6001565200378256,1.0689655172413792,0.025096525096525095,
0.3786227831922032,0.4236324633535931,0.6213772168077968,0.5763675366464069,1.4367816091954022,0.0694980694980695,
0.44163604409650103,0.4489961665908648,0.558363955903499,0.5510038334091352,1.1313628899835797,0.04826254826254826,
