SP-Score Modeler SPFN SPFP Compression TC
0.5611171180674596,0.5953273642977056,0.43888288193254044,0.4046726357022944,1.2619453924914676,0.13017031630170317,
0.36707191645349296,0.3383736477452291,0.632928083546507,0.661626352254771,0.7807167235494881,0.06204379562043796,
0.3441282734249321,0.8386246786632391,0.655871726575068,0.1613753213367609,2.8993174061433447,0.09367396593673966,
0.39608112028270787,0.3983396987057076,0.6039188797172921,0.6016603012942924,0.9940273037542662,0.09002433090024331,
0.5239325931591023,0.5527824151363383,0.47606740684089766,0.4472175848636617,1.0639931740614335,0.15085158150851583,
0.44078166618317993,0.4322660735529923,0.5592183338168201,0.5677339264470077,0.9522184300341296,0.10340632603406326,
0.48353068382605024,0.5103830308428905,0.5164693161739498,0.4896169691571095,1.1373720136518772,0.11435523114355231,
0.5025712703394077,0.5768730134705615,0.49742872966059226,0.4231269865294385,1.424061433447099,0.1192214111922141,
0.41715235106411036,0.42724792696431946,0.5828476489358896,0.5727520730356805,1.0964163822525597,0.0827250608272506,
