SP-Score Modeler SPFN SPFP Compression TC
0.3797661413319776,0.40125335720680394,0.6202338586680224,0.598746642793196,1.3611111111111112,0.0,
0.3758684968649382,0.3571083561423281,0.6241315031350618,0.642891643857672,0.9270833333333334,0.0,
0.19454329774614473,0.6381322957198443,0.8054567022538552,0.3618677042801557,2.982638888888889,0.0,
0.2308083375699034,0.23361921097770155,0.7691916624300966,0.7663807890222984,1.3923611111111112,0.0,
0.3729876292153872,0.38818342151675483,0.6270123707846128,0.6118165784832452,1.3819444444444444,0.025925925925925925,
0.29876292153872225,0.2983584362836351,0.7012370784612778,0.7016415637163649,1.3159722222222223,0.0,
0.2665649889849178,0.2909729929707732,0.7334350110150822,0.7090270070292268,1.4791666666666667,0.0,
0.34180647347907134,0.3700238488350761,0.6581935265209287,0.6299761511649239,1.7534722222222223,0.03333333333333333,
0.22877478393492628,0.23112480739599384,0.7712252160650737,0.7688751926040062,1.1875,0.0,
