SP-Score Modeler SPFN SPFP Compression TC
0.48366013071895425,0.4605809128630705,0.5163398692810457,0.5394190871369295,0.8963414634146342,0.30526315789473685,
0.4880174291938998,0.448,0.5119825708061002,0.552,0.8719512195121951,0.3368421052631579,
0.2962962962962963,0.6017699115044248,0.7037037037037037,0.3982300884955752,1.5060975609756098,0.12631578947368421,
0.4117647058823529,0.3757455268389662,0.5882352941176471,0.6242544731610338,0.8780487804878049,0.28421052631578947,
0.39215686274509803,0.3837953091684435,0.607843137254902,0.6162046908315565,0.9085365853658537,0.21052631578947367,
0.42483660130718953,0.4012345679012346,0.5751633986928104,0.5987654320987654,0.8902439024390244,0.25263157894736843,
0.3355119825708061,0.32489451476793246,0.6644880174291938,0.6751054852320675,0.9329268292682927,0.12631578947368421,
0.48366013071895425,0.46153846153846156,0.5163398692810457,0.5384615384615384,0.8902439024390244,0.30526315789473685,
0.39651416122004357,0.38396624472573837,0.6034858387799564,0.6160337552742616,0.9390243902439024,0.25263157894736843,
