SP-Score Modeler SPFN SPFP Compression TC
0.8189300411522634,0.8504273504273504,0.18106995884773658,0.1495726495726496,1.1041666666666667,0.6704545454545454,
0.934156378600823,0.934156378600823,0.06584362139917699,0.06584362139917699,1.0,0.8522727272727273,
0.7345679012345679,0.9130434782608695,0.26543209876543206,0.08695652173913049,1.3020833333333333,0.5909090909090909,
0.8744855967078189,0.8799171842650103,0.1255144032921811,0.12008281573498969,1.03125,0.7272727272727273,
0.8744855967078189,0.8854166666666666,0.1255144032921811,0.11458333333333337,1.03125,0.7272727272727273,
0.8806584362139918,0.8842975206611571,0.11934156378600824,0.11570247933884292,1.0,0.7954545454545454,
0.8580246913580247,0.8853503184713376,0.14197530864197527,0.1146496815286624,1.09375,0.7613636363636364,
0.9012345679012346,0.9012345679012346,0.09876543209876543,0.09876543209876543,1.0,0.7840909090909091,
0.7263374485596708,0.7741228070175439,0.27366255144032925,0.22587719298245612,1.15625,0.5795454545454546,
