SP-Score Modeler SPFN SPFP Compression TC
0.47344885410844045,0.506578947368421,0.5265511458915595,0.493421052631579,1.2735042735042734,0.012422360248447204,
0.38121855785354947,0.35209086215797625,0.6187814421464506,0.6479091378420238,0.8632478632478633,0.0,
0.3761878144214645,0.6225716928769658,0.6238121855785355,0.3774283071230342,1.7735042735042734,0.012422360248447204,
0.3840134153158189,0.43453510436432635,0.6159865846841811,0.5654648956356736,1.2606837606837606,0.0,
0.4544438233650084,0.4915356711003628,0.5455561766349917,0.5084643288996372,1.2606837606837606,0.0,
0.5198434879821129,0.5413271245634459,0.4801565120178871,0.4586728754365541,1.2564102564102564,0.16149068322981366,
0.4326439351593069,0.47601476014760147,0.5673560648406931,0.5239852398523985,1.2435897435897436,0.024844720496894408,
0.4656232532140861,0.4970167064439141,0.534376746785914,0.5029832935560858,1.2777777777777777,0.012422360248447204,
0.33370598099496923,0.35535714285714287,0.6662940190050308,0.6446428571428571,0.9658119658119658,0.043478260869565216,
