SP-Score Modeler SPFN SPFP Compression TC
0.7433762301286904,0.7683881064162754,0.25662376987130964,0.23161189358372458,0.8779661016949153,0.38074398249452956,
0.6116578349735049,0.6191570881226054,0.3883421650264951,0.3808429118773946,0.8186440677966101,0.40043763676148797,
0.7055261165783497,0.8918660287081339,0.29447388342165026,0.10813397129186608,1.1610169491525424,0.41575492341356673,
0.7191521574564723,0.7445141065830722,0.2808478425435277,0.25548589341692785,0.8627118644067797,0.45951859956236324,
0.7115821347464042,0.7442596991290578,0.2884178652535958,0.25574030087094224,0.8813559322033898,0.38074398249452956,
0.7274791824375473,0.749609984399376,0.2725208175624527,0.250390015600624,0.8508474576271187,0.4310722100656455,
0.7199091597274792,0.7400778210116732,0.28009084027252085,0.2599221789883268,0.8610169491525423,0.4682713347921225,
0.7418622255866768,0.7650273224043715,0.2581377744133232,0.23497267759562845,0.8745762711864407,0.4048140043763676,
0.7032551097653293,0.7286274509803922,0.29674489023467066,0.27137254901960783,0.864406779661017,0.36542669584245074,
