SP-Score Modeler SPFN SPFP Compression TC
0.8593554071915139,0.8611356381172316,0.14064459280848607,0.1388643618827684,1.0654843110504775,0.5705794947994056,
0.823126715694581,0.8271352676747037,0.17687328430541904,0.1728647323252963,0.9686221009549796,0.46656760772659733,
0.8174670417189142,0.8973920160720265,0.18253295828108584,0.10260798392797355,1.2673942701227832,0.5260029717682021,
0.8187887619886807,0.8277090684847032,0.18121123801131933,0.17229093151529684,1.0914051841746248,0.5022288261515602,
0.8369200528688108,0.8414256022351698,0.16307994713118923,0.15857439776483018,1.028649386084584,0.5393759286775631,
0.8251262412308944,0.8220061447044127,0.1748737587691056,0.1779938552955873,1.0068212824010914,0.4947994056463596,
0.803843155861321,0.8167137249500723,0.19615684413867895,0.18328627504992767,1.1091405184174625,0.48439821693907875,
0.8601348832480429,0.8653846153846154,0.13986511675195712,0.13461538461538458,1.0982264665757162,0.5705794947994056,
0.7989968482055105,0.8070655894837738,0.20100315179448947,0.19293441051622617,1.0845839017735335,0.4933135215453195,
