SP-Score Modeler SPFN SPFP Compression TC
0.8936611374407583,0.9010565089162383,0.10633886255924174,0.09894349108376166,1.0730223123732252,0.3919308357348703,
0.7761033767772512,0.800516848497193,0.22389662322274884,0.19948315150280704,0.9837728194726166,0.34870317002881845,
0.8665333728278041,0.9046398062130369,0.13346662717219593,0.09536019378696314,1.3225152129817443,0.3170028818443804,
0.8253850710900474,0.8466924099512566,0.17461492890995256,0.1533075900487434,1.1866125760649087,0.30547550432276654,
0.8944386848341233,0.8962084487534626,0.10556131516587675,0.10379155124653738,1.0385395537525355,0.3659942363112392,
0.8682365718799369,0.8699329755397819,0.13176342812006314,0.13006702446021812,1.0121703853955375,0.4409221902017291,
0.8702730055292259,0.8800264583281332,0.12972699447077407,0.1199735416718668,1.103448275862069,0.31412103746397696,
0.8873049960505529,0.8947257068896853,0.11269500394944709,0.10527429311031467,1.2109533468559839,0.37752161383285304,
0.8418740126382307,0.8484712789511655,0.1581259873617693,0.15152872104883452,1.0567951318458417,0.3025936599423631,
