SP-Score Modeler SPFN SPFP Compression TC
0.932481171104275,0.9356074716619658,0.06751882889572502,0.06439252833803422,1.035928143712575,0.7376623376623377,
0.8614617587779781,0.8653630987266236,0.13853824122202185,0.13463690127337635,0.98562874251497,0.6675324675324675,
0.9252678476715817,0.9418020838956972,0.07473215232841834,0.058197916104302805,1.1005988023952096,0.7324675324675325,
0.9084544393762597,0.9161807970045467,0.09154556062374031,0.08381920299545331,1.0395209580838323,0.7,
0.9395353771083059,0.9437902925035964,0.060464622891694075,0.05620970749640364,1.0275449101796408,0.7623376623376623,
0.9150843322371911,0.9148902322621699,0.0849156677628089,0.08510976773783008,0.9988023952095808,0.7168831168831169,
0.9152964888087408,0.9189030883919063,0.08470351119125918,0.08109691160809374,1.0239520958083832,0.6922077922077922,
0.9311021533892012,0.933379413015738,0.06889784661079879,0.06662058698426199,1.0431137724550898,0.7428571428571429,
0.9131749230932428,0.9161877394636015,0.08682507690675723,0.08381226053639845,1.0167664670658683,0.7103896103896103,
