SP-Score Modeler SPFN SPFP Compression TC
0.8162533215234721,0.8234374301925569,0.18374667847652792,0.17656256980744311,1.0609951845906902,0.44028520499108736,
0.7190876882196634,0.7042723921058339,0.2809123117803366,0.2957276078941661,0.9293739967897271,0.3868092691622103,
0.7525243578387953,0.8971488912354805,0.24747564216120466,0.10285110876451953,1.4879614767255216,0.4117647058823529,
0.7544729849424269,0.7560466870811698,0.24552701505757313,0.24395331291883016,1.0513643659711076,0.3850267379679144,
0.8239592559787422,0.8296174083652903,0.1760407440212578,0.1703825916347097,1.014446227929374,0.44028520499108736,
0.7797165633303809,0.7793024079320113,0.22028343666961914,0.22069759206798867,0.9935794542536116,0.41354723707664887,
0.80859167404783,0.8163283555396584,0.19140832595217006,0.18367164446034157,1.0834670947030498,0.40641711229946526,
0.8093002657218777,0.8148577543922233,0.19069973427812226,0.1851422456077767,1.059390048154093,0.44206773618538325,
0.7579716563330381,0.7593504592040463,0.2420283436669619,0.2406495407959537,1.0834670947030498,0.39928698752228164,
