SP-Score Modeler SPFN SPFP Compression TC
0.8816018645432392,0.8925220181980635,0.11839813545676081,0.10747798180193646,1.2173038229376258,0.25162689804772237,
0.7445655012671041,0.7522861484426894,0.2554344987328959,0.24771385155731063,0.9074446680080482,0.09327548806941431,
0.8228557842807045,0.9134317973243973,0.1771442157192955,0.08656820267560272,1.959758551307847,0.10629067245119306,
0.8498747305039778,0.8576759555978064,0.15012526949602223,0.1423240444021936,1.1428571428571428,0.17136659436008678,
0.8690244829368717,0.8707543764663418,0.13097551706312827,0.1292456235336582,1.0442655935613683,0.23644251626898047,
0.8577457254373626,0.8592624268570593,0.1422542745626374,0.14073757314294066,0.9899396378269618,0.2885032537960954,
0.8857715106006272,0.8900904781641567,0.1142284893993728,0.10990952183584335,1.080482897384306,0.2559652928416486,
0.8680212462828911,0.8745519973432876,0.13197875371710888,0.1254480026567124,1.2575452716297786,0.19739696312364424,
0.8654384072132175,0.8708734943034556,0.13456159278678248,0.12912650569654438,1.13682092555332,0.21475054229934923,
