SP-Score Modeler SPFN SPFP Compression TC
0.46257895031021184,0.4623463687150838,0.5374210496897882,0.5376536312849163,1.0320512820512822,0.12549019607843137,
0.41026214297691577,0.4001308329699084,0.5897378570230842,0.5998691670300915,0.9551282051282052,0.3176470588235294,
0.3993069140908837,0.5699696824636987,0.6006930859091163,0.4300303175363013,1.744871794871795,0.38823529411764707,
0.5668772008272316,0.598948798204689,0.4331227991727684,0.40105120179531095,1.146153846153846,0.3908496732026144,
0.41959644514001454,0.4221447449811618,0.5804035548599855,0.5778552550188383,0.9833333333333333,0.1869281045751634,
0.44977921860153147,0.42832809921754406,0.5502207813984685,0.571671900782456,0.967948717948718,0.2065359477124183,
0.4115477055502767,0.4109504939442987,0.5884522944497232,0.5890495060557013,1.041025641025641,0.1895424836601307,
0.414007042647141,0.4616966901452347,0.5859929573528591,0.5383033098547654,1.4615384615384615,0.21568627450980393,
0.42362081493488346,0.4030739775567729,0.5763791850651165,0.5969260224432271,0.9666666666666667,0.16862745098039217,
