SP-Score Modeler SPFN SPFP Compression TC
0.8545911039420188,0.8622503009765016,0.14540889605798124,0.13774969902349843,1.1057142857142856,0.310841546626232,
0.8155493194272583,0.8218165422072048,0.18445068057274172,0.1781834577927952,0.9828571428571429,0.354814253222138,
0.797515799010076,0.9346996384071787,0.20248420098992403,0.06530036159282127,2.000714285714286,0.38514025777103866,
0.8258739172706382,0.8356511240539725,0.1741260827293618,0.16434887594602754,1.0942857142857143,0.3419257012888552,
0.8602533365741559,0.8620009188683527,0.13974666342584408,0.13799908113164727,1.0278571428571428,0.4533737680060652,
0.8325884965529432,0.8347534954819736,0.1674115034470568,0.16524650451802636,0.995,0.34040940106141016,
0.8424628778504508,0.8456347556073082,0.15753712214954918,0.15436524439269184,1.0342857142857143,0.4518574677786202,
0.8546408211065936,0.8604564503435752,0.14535917889340644,0.1395435496564248,1.09,0.31766489764973466,
0.8366542557892876,0.8424740020080824,0.16334574421071235,0.15752599799191758,1.0957142857142856,0.4473085670962851,
