SP-Score Modeler SPFN SPFP Compression TC
0.5685957595042205,0.6273867975995635,0.4314042404957795,0.3726132024004365,2.3655696202531646,0.07879490150637311,
0.5253068188415704,0.49919999430474254,0.4746931811584296,0.5008000056952575,0.9675949367088608,0.0011587485515643105,
0.5436644460967099,0.8180375867598116,0.45633555390329006,0.18196241324018836,4.481012658227848,0.03476245654692932,
0.5615482435522626,0.5679225841645295,0.4384517564477374,0.43207741583547055,1.2086075949367088,0.08516801853997683,
0.5700846713250566,0.5949886434270658,0.4299153286749434,0.4050113565729342,1.2724050632911392,0.08053302433371959,
0.5555851048886875,0.5394063589848026,0.4444148951113125,0.4605936410151974,1.0936708860759494,0.0816917728852839,
0.5665843239122984,0.628957413367263,0.4334156760877016,0.37104258663273704,1.550886075949367,0.08342989571263036,
0.5713638244994353,0.6271221629977409,0.42863617550056465,0.37287783700225907,2.097721518987342,0.08400926998841252,
0.5253068188415704,0.49919999430474254,0.4746931811584296,0.5008000056952575,0.9675949367088608,0.0011587485515643105,
