SP-Score Modeler SPFN SPFP Compression TC
0.9276523554743573,0.9319413368759614,0.07234764452564268,0.06805866312403863,1.1149425287356323,0.15822784810126583,
0.9135934577406586,0.9159122228618277,0.08640654225934141,0.08408777713817228,1.0057471264367817,0.22151898734177214,
0.9061551176649703,0.9591859287227185,0.09384488233502974,0.04081407127728154,1.5517241379310345,0.17721518987341772,
0.8958545391274088,0.919230151220296,0.10414546087259124,0.08076984877970395,1.2873563218390804,0.08227848101265822,
0.9394928009047806,0.9386109010629884,0.0605071990952194,0.06138909893701161,0.9942528735632183,0.3227848101265823,
0.937239549349689,0.9358798387657238,0.062760450650311,0.06412016123427622,1.0172413793103448,0.33544303797468356,
0.9361172734786202,0.9353767516255781,0.06388272652137983,0.0646232483744219,0.9942528735632183,0.31645569620253167,
0.9084431684718779,0.9203980538024892,0.0915568315281221,0.07960194619751082,1.2011494252873562,0.22784810126582278,
0.9054156335638783,0.909498466297879,0.09458436643612167,0.090501533702121,1.0632183908045978,0.13291139240506328,
