SP-Score Modeler SPFN SPFP Compression TC
0.7361565470155478,0.7508418022974453,0.2638434529844522,0.24915819770255465,1.2178606476938174,0.1519756838905775,
0.5340099190394614,0.5004821329938118,0.4659900809605386,0.49951786700618817,0.8596663395485771,0.03951367781155015,
0.62961927070587,0.8768014133095927,0.37038072929413,0.12319858669040729,1.9548577036310109,0.22289766970618036,
0.7271415086329606,0.7495237899115537,0.27285849136703944,0.25047621008844634,1.2217860647693817,0.24924012158054712,
0.7563492340963236,0.7665328683292755,0.2436507659036764,0.23346713167072453,1.1020608439646713,0.20871327254305977,
0.7260926676022995,0.72392329487454,0.2739073323977005,0.27607670512546,0.9931305201177625,0.15501519756838905,
0.7268518287292541,0.7465961441777905,0.27314817127074587,0.2534038558222095,1.2296368989205102,0.2188449848024316,
0.7645301941354803,0.7715668237606794,0.2354698058645197,0.22843317623932058,1.2041216879293426,0.24620060790273557,
0.7331049190644338,0.7385531135531136,0.26689508093556624,0.2614468864468864,1.1079489695780176,0.1651469098277609,
