SP-Score Modeler SPFN SPFP Compression TC
0.8255283434097973,0.8333440059898232,0.1744716565902027,0.16665599401017683,1.282258064516129,0.15207373271889402,
0.7646547896141666,0.7696573199542242,0.23534521038583345,0.23034268004577585,0.9798387096774194,0.1152073732718894,
0.7392904022290212,0.9271577890923333,0.2607095977709788,0.07284221090766674,1.9233870967741935,0.12442396313364056,
0.7326296887275353,0.7599562673361544,0.2673703112724647,0.2400437326638456,1.532258064516129,0.027649769585253458,
0.8334089678089912,0.8407774063809154,0.1665910321910088,0.15922259361908464,1.0161290322580645,0.22119815668202766,
0.8155933890588631,0.816119061918643,0.18440661094113686,0.18388093808135697,1.0161290322580645,0.1382488479262673,
0.8072004020826319,0.8153445777431662,0.19279959791736812,0.18465542225683385,1.064516129032258,0.12442396313364056,
0.8188334724031757,0.827453919663902,0.18116652759682428,0.17254608033609797,1.4274193548387097,0.11981566820276497,
0.7514651129881473,0.7558059639961523,0.24853488701185267,0.2441940360038477,1.060483870967742,0.0967741935483871,
