SP-Score Modeler SPFN SPFP Compression TC
0.6719280787839276,0.6520161156061666,0.3280719212160724,0.34798388439383343,0.9959239130434783,0.48359486447931527,
0.5418796966681536,0.4970257766027759,0.4581203033318464,0.5029742233972241,0.9347826086956522,0.3980028530670471,
0.566722712143568,0.8710970464135022,0.43327728785643205,0.12890295358649784,1.3505434782608696,0.5463623395149786,
0.6717221974402087,0.6889561483775604,0.32827780255979133,0.31104385162243964,1.0421195652173914,0.5292439372325249,
0.6563497237758639,0.6527213786043338,0.34365027622413613,0.34727862139566623,1.0095108695652173,0.47218259629101283,
0.6751192396115705,0.6367932161698546,0.3248807603884295,0.3632067838301454,0.9755434782608695,0.42653352353780316,
0.661187935353258,0.6489845407699303,0.33881206464674196,0.3510154592300697,1.016304347826087,0.49072753209700426,
0.6700751466904574,0.6622579441787907,0.3299248533095426,0.3377420558212093,1.0244565217391304,0.5192582025677603,
0.6731290532889544,0.6417495420047108,0.32687094671104555,0.3582504579952892,1.0067934782608696,0.4864479315263909,
