SP-Score Modeler SPFN SPFP Compression TC
0.6595277732577304,0.6781718178853975,0.3404722267422696,0.3218281821146025,1.3446567586694975,0.14424635332252836,
0.6216595110838518,0.5595488908167059,0.37834048891614824,0.4404511091832941,0.8506723283793347,0.1012965964343598,
0.5710029915760223,0.8621376104020462,0.4289970084239777,0.13786238959795383,1.7048832271762209,0.2171799027552674,
0.6618809795012371,0.6356180081418085,0.33811902049876286,0.36438199185819153,1.0021231422505308,0.11993517017828201,
0.6835062773028251,0.6527055617312726,0.3164937226971749,0.3472944382687274,0.940552016985138,0.10615883306320907,
0.6350235529241925,0.5827835363402092,0.36497644707580745,0.4172164636597908,0.9738145789101204,0.10210696920583469,
0.5855227747806386,0.559558841120601,0.41447722521936137,0.44044115887939905,0.943382873319179,0.1280388978930308,
0.6589686781573227,0.6685390404754447,0.34103132184267726,0.33146095952455534,1.1146496815286624,0.1393841166936791,
0.6148836122550309,0.5684907727441056,0.38511638774496915,0.43150922725589436,1.0707714083510262,0.09319286871961102,
