SP-Score Modeler SPFN SPFP Compression TC
0.6595635342080921,0.7177957570560382,0.3404364657919079,0.28220424294396185,1.1011013837898898,0.048812664907651716,
0.49265134125869336,0.4687703742339288,0.5073486587413066,0.5312296257660711,0.8579497317142051,0.0,
0.5131042516016308,0.8051717649588732,0.48689574839836924,0.19482823504112678,1.244281276475572,0.022427440633245383,
0.4752475247524752,0.47965146433387507,0.5247524752475248,0.5203485356661249,0.8833662807116633,0.0,
0.5455137209222652,0.5734504987935319,0.45448627907773476,0.42654950120646806,0.9703473595029652,0.0,
0.6024872383432115,0.5771578601903512,0.3975127616567885,0.4228421398096488,0.8833662807116633,0.0,
0.6016650107917366,0.6605235444561456,0.3983349892082634,0.3394764555438544,1.0324767014967524,0.032981530343007916,
0.6667237658021857,0.7008679367594627,0.33327623419781427,0.2991320632405373,1.1914713357808528,0.04221635883905013,
0.5281099044160471,0.5013334200598413,0.4718900955839529,0.4986665799401587,0.8635978537136402,0.0,
