SP-Score Modeler SPFN SPFP Compression TC
0.4563430384412005,0.6660352206553006,0.5436569615587995,0.33396477934469937,1.464804469273743,0.0015503875968992248,
0.665950934991267,0.6688877086250463,0.334049065008733,0.3311122913749537,0.9888268156424581,0.034108527131782945,
0.6404570000160238,0.8198432884804726,0.3595429999839762,0.1801567115195274,1.8849162011173184,0.05271317829457364,
0.6422676943291618,0.6571466045840575,0.35773230567083825,0.3428533954159425,1.005586592178771,0.04496124031007752,
0.7243578444725752,0.7377035804040601,0.27564215552742477,0.26229641959593986,1.0525139664804468,0.05271317829457364,
0.6355537039114202,0.6388088067129444,0.3644462960885798,0.3611911932870556,1.08268156424581,0.0,
0.6114217956319002,0.6662999633296663,0.38857820436809976,0.33370003667033366,1.4916201117318435,0.0015503875968992248,
0.7036870863845403,0.7470443140256868,0.29631291361545975,0.25295568597431317,1.693854748603352,0.05581395348837209,
0.4852340282340122,0.43631490980346954,0.5147659717659878,0.5636850901965305,0.8122905027932961,0.0,
