SP-Score Modeler SPFN SPFP Compression TC
0.8650896151818661,0.8809130802367245,0.1349103848181339,0.11908691976327546,1.2416492693110648,0.23016826923076922,
0.8504480759093305,0.8510088355532112,0.14955192409066953,0.14899116444678884,0.9874739039665971,0.22956730769230768,
0.8334475487612019,0.9271661046767337,0.16655245123879814,0.07283389532326634,1.437891440501044,0.234375,
0.855983131259884,0.862278628893078,0.144016868740116,0.13772137110692195,1.0511482254697286,0.23137019230769232,
0.8660780179230364,0.8682176687408347,0.1339219820769636,0.13178233125916528,1.0276617954070981,0.22536057692307693,
0.860938323668951,0.8571878444339474,0.13906167633104904,0.14281215556605265,1.0036534446764092,0.21153846153846154,
0.8633368476541908,0.8709814662163959,0.13666315234580917,0.12901853378360406,1.1461377870563674,0.23016826923076922,
0.8640880337374802,0.8767165416449383,0.13591196626251978,0.12328345835506171,1.2192066805845512,0.23197115384615385,
0.8472983658408013,0.8461609328525177,0.15270163415919868,0.1538390671474823,1.0177453027139876,0.2049278846153846,
