SP-Score Modeler SPFN SPFP Compression TC
0.36118965762760136,0.5071987659258412,0.6388103423723986,0.49280123407415877,1.7701822916666667,0.06625980819529206,
0.32223284577984823,0.3377650784173659,0.6777671542201518,0.6622349215826341,1.0325520833333333,0.0,
0.32684053135870783,0.8598838609542669,0.6731594686412922,0.14011613904573306,4.414713541666667,0.05841325196163906,
0.3348454950464837,0.38383061084099945,0.6651545049535164,0.6161693891590005,1.294921875,0.05754141238012206,
0.3696319954431719,0.4226613475383524,0.6303680045568281,0.5773386524616476,1.1985677083333333,0.06102877070619006,
0.3134141627845475,0.3238939169373404,0.6865858372154525,0.6761060830626596,1.078125,8.718395815170009E-4,
0.3568362593323433,0.42793886239158807,0.6431637406676567,0.5720611376084119,1.3365885416666667,0.05666957279860506,
0.3625526374677055,0.5017313701753892,0.6374473625322945,0.49826862982461084,1.7786458333333333,0.06102877070619006,
0.32619972740403197,0.3450390549351236,0.673800272595968,0.6549609450648763,1.0787760416666667,0.05056669572798605,
