SP-Score Modeler SPFN SPFP Compression TC
0.8562842728668568,0.8605502160303324,0.14371572713314318,0.13944978396966756,1.0391517128874388,0.4925373134328358,
0.8165387146304014,0.8229650263076447,0.1834612853695986,0.17703497369235532,0.9869494290375204,0.45671641791044776,
0.8477736345689845,0.8732489832806145,0.15222636543101553,0.1267510167193855,1.1141924959216967,0.48656716417910445,
0.8345689844264093,0.8473187243898094,0.16543101557359075,0.15268127561019063,1.030995106035889,0.48656716417910445,
0.859881552972143,0.8660745846588901,0.14011844702785703,0.1339254153411099,1.00326264274062,0.48955223880597015,
0.8394823426189953,0.8376816669585011,0.16051765738100465,0.1623183330414989,0.99836867862969,0.47761194029850745,
0.8420267602544418,0.8540535730177093,0.1579732397455582,0.14594642698229066,1.0619902120717781,0.4388059701492537,
0.8570739197192366,0.8653496921645922,0.14292608028076337,0.13465030783540777,1.0750407830342577,0.4835820895522388,
0.8068874753235359,0.825020184803086,0.19311252467646411,0.17497981519691397,1.037520391517129,0.42388059701492536,
