SP-Score Modeler SPFN SPFP Compression TC
0.9365967755408905,0.9339182585517548,0.06340322445910951,0.06608174144824519,1.0167014613778707,0.680628272251309,
0.9153509871077325,0.9144343375337284,0.08464901289226745,0.08556566246627162,0.9937369519832986,0.6387434554973822,
0.9080555787597806,0.9503978084108065,0.0919444212402194,0.049602191589193545,1.1805845511482256,0.5824607329842932,
0.8892044663492329,0.8924598960371136,0.11079553365076711,0.10754010396288638,1.0407098121085594,0.5274869109947644,
0.919583437752346,0.9186881050406143,0.08041656224765403,0.08131189495938573,1.0093945720250521,0.6178010471204188,
0.9178291983404339,0.9154839605610332,0.08217080165956614,0.0845160394389668,1.0031315240083507,0.6400523560209425,
0.9142928744465793,0.9170506912442397,0.08570712555342075,0.08294930875576034,1.0323590814196242,0.6073298429319371,
0.9314454375852755,0.92940097799511,0.06855456241472446,0.07059902200488999,1.0302713987473904,0.6701570680628273,
0.9093921421212374,0.9112444196428572,0.09060785787876258,0.08875558035714282,1.0313152400835073,0.6112565445026178,
