SP-Score Modeler SPFN SPFP Compression TC
0.7289094853086177,0.7649944120203651,0.27109051469138234,0.2350055879796349,1.4038876889848813,0.14545454545454545,
0.46787615854860976,0.4141458220600813,0.5321238414513902,0.5858541779399187,0.896328293736501,0.01818181818181818,
0.5632419641096431,0.887901019646854,0.4367580358903569,0.11209898035314603,2.3542116630669545,0.059393939393939395,
0.684776178268586,0.6757808699036684,0.31522382173141394,0.32421913009633163,1.091792656587473,0.10181818181818182,
0.7656280812463025,0.7607822389434288,0.23437191875369745,0.23921776105657122,1.0572354211663066,0.21212121212121213,
0.5155590613291264,0.471564365722119,0.48444093867087357,0.528435634277881,0.9460043196544277,0.014545454545454545,
0.709051469138237,0.7264278643150089,0.290948530861763,0.27357213568499106,1.2203023758099352,0.15878787878787878,
0.7414908302110037,0.7559053535170778,0.2585091697889963,0.24409464648292223,1.4265658747300216,0.18424242424242424,
0.5049694340366792,0.47275043385149357,0.49503056596332085,0.5272495661485064,1.0734341252699784,0.02909090909090909,
