SP-Score Modeler SPFN SPFP Compression TC
0.5947317208785099,0.6959315210540228,0.4052682791214901,0.3040684789459772,1.5213675213675213,0.1116751269035533,
0.3865721434528774,0.3449730199094461,0.6134278565471226,0.6550269800905539,0.649069884364002,0.0,
0.49991312204614957,0.8743124563162853,0.5000868779538504,0.1256875436837147,2.704374057315234,0.07614213197969544,
0.43204406449819294,0.43609035743098673,0.5679559355018071,0.5639096425690133,0.9728506787330317,0.047377326565143825,
0.5783812899638587,0.6237024545624883,0.42161871003614126,0.3762975454375117,1.0633484162895928,0.1065989847715736,
0.5214067278287462,0.5116104613496095,0.4785932721712538,0.4883895386503905,0.9004524886877828,0.08629441624365482,
0.5599284125660272,0.6627249357326478,0.4400715874339728,0.3372750642673522,1.3851181498240321,0.09052453468697123,
0.5686162079510704,0.662919072217158,0.4313837920489296,0.33708092778284204,1.497737556561086,0.08375634517766498,
0.4950653322212955,0.49794648630699595,0.5049346677787045,0.502053513693004,0.9492207139265962,0.08883248730964467,
