SP-Score Modeler SPFN SPFP Compression TC
0.7376908372841107,0.7285315104036725,0.26230916271588933,0.2714684895963275,1.1069915254237288,0.17279821627647715,
0.6085151533013903,0.5546213327704972,0.3914848466986097,0.4453786672295028,0.823093220338983,0.0947603121516165,
0.629832509494497,0.9162175074111277,0.370167490505503,0.08378249258887227,1.9957627118644068,0.10144927536231885,
0.7095568111963487,0.6845782623531514,0.2904431888036513,0.31542173764684855,1.0603813559322033,0.1527313266443701,
0.759812383687149,0.7341681516016957,0.24018761631285102,0.2658318483983043,0.9904661016949152,0.18840579710144928,
0.7214554579673776,0.6816943097322953,0.27854454203262236,0.3183056902677047,0.9586864406779662,0.18394648829431437,
0.7413033775988818,0.7139514608381825,0.25869662240111824,0.2860485391618175,1.0180084745762712,0.18394648829431437,
0.7333372630586175,0.7312559303389845,0.26666273694138254,0.2687440696610155,1.1673728813559323,0.20512820512820512,
0.7214217746077993,0.692414004914005,0.2785782253922007,0.30758599508599505,1.0127118644067796,0.17837235228539577,
